10032   11404
10588   93022
10590   57306
10841   68694
10870   42786
10931   19763
11056   77547
11119   64255
11205   67697
11212   57615
11277   55388
11316   72003
11444   21971
11513   22498
11720   51107
11727   57654
11814   61605
11937   76761
12043   67697
12200   19763
12334   53273
12501   99944
12525   67697
12559   91603
12670   64945
12869   59690
12925   98880
12941   22498
13022   41458
13105   46230
13222   33059
13462   29007
13517   75256
13811   91603
13997   59464
14348   43314
14381   36340
14513   93047
14645   28903
14685   40811
14758   83239
14866   67697
15115   65178
15152   19763
15191   77547
15218   72883
15283   81303
15332   43586
15496   47644
15654   38056
15666   19763
15692   16750
15760   33756
15985   12822
15999   87006
16005   60464
16165   67697
16169   76904
16392   51660
16417   19843
16484   19348
16564   36401
16667   28903
16720   82983
16851   80851
17087   20616
17237   72883
17348   95270
17379   13462
17412   73155
17488   71894
17492   42786
17674   49780
17675   72883
17709   41952
17790   19763
17834   81076
17932   62842
18304   52775
18431   29380
18532   81363
18722   99286
18875   45344
18949   71894
19051   78038
19142   68959
19177   53183
19217   33484
19258   57572
19345   47474
19348   41458
19419   97222
19663   46959
19683   22498
19762   51660
19763   41974
19929   50841
19987   81076
20244   44309
20343   21971
20348   72883
20413   42337
20423   65761
20554   51660
20625   19348
20742   45699
20769   68024
20876   72883
20960   24242
20983   38056
21071   50167
21090   13462
21091   19763
21189   22498
21412   75256
21585   58485
21668   31070
21971   29496
21977   78498
21988   20844
22248   93422
22270   38826
22498   10066
22662   70772
22803   66237
22854   54282
23066   48344
23071   49803
23096   52865
23128   84004
23135   19348
23233   84636
23253   57654
23286   84866
23305   71814
23312   35979
23371   64094
23459   39741
23529   41458
23674   57548
23800   42786
23823   84914
23960   71894
23989   21971
24010   28903
24020   44873
24143   65226
24165   25888
24241   43292
24283   92601
24635   11482
24697   84922
24757   41458
24872   42035
24883   21971
24917   41629
25026   91603
25089   28903
25140   34250
25163   63493
25170   64094
25172   25516
25316   80851
25317   26365
25391   64094
25412   77359
25532   68199
25682   75256
25697   77841
25729   66727
25746   40968
25780   18607
25785   74938
25902   94618
25998   47890
26075   73072
26116   52871
26127   93602
26202   62842
26294   21412
26397   98880
26590   35235
26599   93340
26606   30796
26764   66060
26810   92990
26897   96393
27180   33899
27192   51858
27402   64832
27500   21971
27966   97345
28010   19505
28041   34064
28105   42498
28118   67697
28282   62842
28444   80851
28506   61431
28628   17208
28848   57853
28891   28444
28903   51664
28937   33723
28976   94451
29210   33710
29237   68898
29258   98880
29496   21971
29522   70183
29532   81076
29583   71339
29663   27331
29724   51541
29782   53692
29852   49234
29881   44586
29960   41458
29965   81076
30177   17341
30206   96070
30400   27123
30612   62842
30774   88548
30931   66060
31146   46927
31216   82887
31425   45195
31517   14874
31518   19763
31596   94618
31849   75256
31955   77467
32042   75256
32108   11813
32186   91603
32337   22314
32399   65379
32419   81076
32432   53183
32460   37041
32462   26551
32494   39597
32560   77953
32797   69919
32836   64094
32923   33059
32968   21971
32984   96842
33059   42786
33075   21971
33117   67195
33119   77660
33360   38212
33455   80851
33464   91461
33477   72883
33486   72003
33661   51107
33666   59194
33924   91603
33938   74618
33979   24259
34131   41603
34134   48329
34214   21576
34307   55594
34567   57853
34680   74530
34691   57479
34732   64255
34830   10322
34834   86922
34846   57853
34883   21971
35213   13462
35231   57853
35235   18159
35286   97345
35488   47300
35760   19763
35889   42397
35917   21577
36014   38056
36016   22309
36024   98087
36026   39105
36047   64094
36157   65971
36202   51660
36225   19763
36324   60464
36370   92122
36480   66608
36682   21971
36879   83506
36893   33059
37110   42786
37440   14002
37442   94618
37527   13462
37585   22498
37606   22498
37654   62842
37661   82208
37728   51660
37843   29553
37854   70553
38000   38056
38056   51660
38117   51660
38198   81076
38208   94618
38212   19348
38241   52145
38436   71894
38497   31870
38554   38436
38749   23524
38784   91603
38870   60533
38929   80865
39135   66625
39149   71623
39228   67134
39517   86619
39607   23909
39624   41458
39673   53183
39748   45326
39914   75256
39949   68042
39964   55055
40025   22174
40060   41458
40070   38212
40160   88979
40283   34311
40348   60464
40466   19763
40473   81493
40556   28903
40628   67697
40641   60464
40659   11104
40694   42202
40802   62842
40811   46612
40849   18977
40917   17001
41082   41458
41249   74832
41268   22621
41331   21971
41458   80851
41809   13024
41850   17815
41934   83416
41937   88087
42155   62829
42334   64094
42546   67697
42662   41458
42764   79555
42786   81984
42838   28903
42879   81296
43041   24930
43079   77547
43098   69228
43190   38436
43306   57853
43592   72883
43622   21688
43747   71810
43802   32400
43937   52966
44233   75524
44260   15605
44359   91603
44503   22575
44519   29496
44542   98880
44618   53790
44920   88690
45004   94858
45017   84423
45112   62842
45188   84541
45274   60464
45369   30393
45372   80851
45455   77547
45540   27148
45644   86198
45687   67490
45691   82519
45700   40001
45911   26854
45971   12776
46075   91603
46101   90505
46171   25574
46179   29436
46370   33621
46488   86922
46537   33593
46584   13200
46647   53539
46704   60464
46799   53781
46820   91603
46870   83863
46905   66085
47126   43277
47215   35310
47377   98660
47403   21412
47488   71894
47789   29496
47927   20033
47939   97345
48121   83675
48291   13462
48298   41159
48325   64618
48371   68260
48396   80851
48399   68926
48405   38216
48499   81114
48530   42786
48710   81076
48745   94618
48767   71894
48870   41458
48916   83133
48924   57853
48978   38056
49089   51660
49303   48982
49431   68934
49446   42812
49589   38056
50119   43332
50136   64851
50296   71894
50554   41929
50724   98880
50841   38056
50899   64094
50907   19763
50939   71931
50946   29496
51107   38056
51119   92701
51183   57052
51392   13481
51628   30799
51660   21003
51863   93968
52291   41710
52319   38436
52328   19348
52688   38436
52966   71894
52993   72883
53016   44791
53092   98687
53160   60279
53183   61183
53187   72003
53241   12916
53281   45307
53574   57736
53583   32555
53651   65515
53669   73226
53695   21830
53698   28903
53742   22475
53759   88043
53781   53412
53791   88560
54012   17507
54173   19763
54287   10341
54298   89763
54722   38021
54837   29496
54872   14127
54899   75256
55020   71894
55358   22047
55476   31657
55534   38436
55539   10033
55582   41458
55719   27549
55725   75500
55899   20431
55950   74745
55995   64094
56005   52386
56074   51107
56320   67034
56341   87195
56380   80851
56394   96902
56430   90853
56532   56346
56564   62505
56661   77547
56696   71894
57009   14306
57057   51660
57107   37169
57112   35235
57205   69364
57252   32489
57373   89903
57452   85546
57654   66781
57767   41458
57776   67697
57838   15694
57853   65000
58398   29571
58594   12415
58596   65558
58598   33333
58606   32254
58683   98880
58769   45753
58811   77652
58818   80851
58999   30048
59272   19763
59410   97345
59427   67697
59445   16050
59472   36022
59713   67414
59984   51660
60009   67697
60263   84618
60347   79617
60354   98880
60372   42786
60375   59633
60464   98880
60568   66618
60612   28903
60643   31279
60702   45943
60712   75256
60732   17729
60752   53106
60779   21971
60836   12821
60953   86922
60992   99148
61147   77547
61286   15538
61297   79634
61341   22221
61448   20757
61528   29496
61563   88447
61699   31701
61816   94618
61958   69681
61994   73550
62130   37721
62298   77547
62305   71894
62435   10581
62608   35235
62627   22498
62646   58437
62746   40811
62842   75256
62943   44091
62946   75256
62996   29496
63140   22498
63206   83227
63218   76005
63280   35027
63439   72003
63490   11235
63513   72883
63532   22498
63554   39553
63635   87577
63721   60158
63745   77859
63771   82704
63772   26347
64094   76684
64150   65222
64159   68248
64175   20190
64255   91984
64407   57853
64410   15109
64759   63070
64857   68150
64928   23183
64953   19763
65136   85197
65165   55756
65191   77547
65201   71211
65289   32158
65598   42786
65742   94618
65748   91284
65754   62842
65835   56004
65919   38056
65931   66060
66034   86985
66060   97867
66162   64255
66196   15680
66208   92937
66302   22498
66813   22007
66855   60700
66864   75256
67070   66147
67087   90541
67106   41458
67143   72170
67319   86276
67370   73712
67373   81076
67613   69595
67647   90255
67667   80986
67697   98880
67706   54480
67858   57654
67886   45087
68120   52879
68164   22550
68184   19348
68235   69804
68249   47187
68309   97711
68372   47908
68420   80851
68443   71807
68472   23196
68579   94832
68650   81076
68754   72883
68926   27421
68997   72883
69128   49400
69210   81076
69340   29496
69466   64255
69475   29496
69729   18711
69745   54682
69792   65746
69839   81076
69940   54069
70006   19763
70026   77819
70029   55636
70047   35669
70165   97160
70177   61491
70287   79234
70441   72003
70443   38056
70502   34724
70522   51660
70645   81076
70752   29496
70884   21412
70899   38212
70980   72003
71034   64255
71114   67532
71312   21971
71429   19763
71599   71200
71653   75429
71752   86922
71805   38212
71874   51660
71894   81336
71919   77547
72003   84074
72221   90578
72444   89972
72479   75256
72561   62842
72643   62842
72661   97478
72685   81152
72699   28903
72883   40811
73101   73191
73107   32099
73244   47902
73277   59160
73348   77547
73408   21499
73550   76544
73592   29496
73612   38056
73668   12703
73714   52966
73715   38056
74090   33902
74638   38654
75018   52627
75050   64094
75130   91603
75256   75256
75389   24109
75609   50259
75652   61857
75667   92452
75723   28903
75759   98880
75872   22498
76055   41458
76056   64094
76099   75071
76187   46028
76309   75213
76357   21412
76366   86864
76487   86922
76523   85510
76556   76554
76692   38436
76716   64094
76777   33434
76893   60464
77209   32300
77226   22498
77252   66060
77265   32689
77448   81297
77464   81076
77544   25196
77547   99234
77640   91603
77645   75256
77685   15072
77824   28916
77992   57743
78075   64094
78129   33880
78331   94591
78360   99324
78368   75455
78387   51107
78401   78856
78649   42786
78745   99837
79143   38056
79153   39514
79356   67697
79658   60464
79660   21412
79708   13462
79731   28444
79734   19763
79887   75256
79931   16117
80039   87125
80047   29496
80068   51107
80156   65660
80236   41513
80411   25554
80457   58396
80510   66044
80541   64094
80596   13462
80619   98880
80624   76452
80635   80851
80758   41458
80837   22985
80851   73127
80903   79684
81026   41458
81076   93623
81128   77547
81261   81076
81440   54815
81662   12472
81669   33853
81783   22498
81820   64094
81837   86922
81846   67869
81952   38056
82017   59273
82163   36159
82170   67697
82239   13462
82295   13462
82316   98880
82329   94052
82655   81076
82801   81076
82919   79661
83029   67697
83212   95356
83249   22059
83513   38056
83605   69528
83635   22498
83815   69928
84271   64094
84310   97017
84325   56270
84379   67963
84426   24326
84518   60464
84668   47907
84955   38436
84966   30771
85144   60464
85253   38436
85261   19763
85277   34676
85537   71894
85656   31414
85895   53213
85952   22498
85993   39286
86048   72883
86172   57853
86318   53334
86460   95056
86470   22167
86488   61827
86506   67761
86514   73624
86596   38056
86672   68321
86702   72003
86922   22498
87247   95908
87417   21971
87476   98880
87671   40811
87800   97117
87848   45956
87970   98880
88086   17578
88185   69459
88192   38056
88403   19763
88583   53781
88712   99460
88720   67697
88821   91603
88878   49200
88936   41375
89201   60464
89277   91603
89547   72003
89580   98372
89638   33059
89709   60902
89782   34566
89934   91603
89956   51107
90054   22498
90233   97345
90347   60012
90431   17857
90434   56570
90571   97345
90644   80851
90658   62842
90665   89809
90805   38056
90834   28903
90852   76144
90927   26985
91023   52472
91218   77547
91341   61913
91360   78672
91422   57654
91487   53719
91515   49151
91518   88235
91599   31201
91603   69938
91677   87311
91781   32885
91846   77547
91875   72883
91936   77547
91941   22498
91990   92651
92066   74137
92079   23082
92246   40121
92661   60464
92757   26451
92759   72003
92833   22498
92897   82856
92985   97345
93009   58546
93045   13462
93319   57170
93432   19763
93438   91603
93720   64821
93724   98880
93734   38212
93749   51512
93963   42786
93992   98880
94034   51660
94102   75256
94140   30529
94223   13462
94326   28606
94361   89533
94437   40811
94457   17361
94618   72883
94902   80851
94980   38056
95012   57853
95052   38436
95115   94618
95135   80851
95216   37603
95462   42893
95523   45384
95584   18124
95599   81076
95603   42197
95693   14737
95702   21412
96097   21971
96203   22833
96213   81076
96365   67697
96592   28503
96745   86600
96826   32872
96995   38211
97105   21412
97231   49903
97254   42786
97265   42786
97274   97164
97345   37353
97364   57654
97389   62842
97670   53183
97857   20234
97961   41458
98013   80851
98064   60719
98379   11061
98394   54803
98396   75256
98423   91668
98454   40431
98501   52280
98810   38436
98878   79099
98880   60464
98898   91603
98910   31092
98919   22498
99041   17700
99090   75256
99187   57654
99192   41551
99258   57441
99272   67697
99316   15855
99368   83869
99426   71894
99446   50653
99514   96621
99642   86922
99652   80851
99680   56409
